5	30			
1615	1845	1781	1975	1753
225	50			
150     500     240
1	-99	-97	0	6
2	-59	50	0	72
3	0	14	0	93
4	-17	-66	0	28
5	-69	-19	0	5
6	31	12	0	43
7	5	-41	0	1
8	-12	10	0	36
9	-64	70	0	53
10	-12	85	0	63
11	-18	64	0	25
12	-77	-16	0	50
13	-53	88	0	57
14	83	-24	0	1
15	24	41	0	66
16	17	21	0	37
17	42	96	0	51
18	-65	0	0	47
19	-47	-26	0	88
20	85	36	0	75
21	-35	-54	0	48
22	54	-21	0	40
23	64	-17	0	8
24	55	89	0	69
25	17	-25	0	93
26	-61	66	0	29
27	-61	26	0	5
28	17	-72	0	53
29	79	38	0	8
30	-62	-2	0	24
31	70	0	0       0
32	40	80	0       0
33	40	-80	0       0
34	-60	20	0       0 
35	-60	-20	0       0
